2 4449
2 4450
3 4450
3 4451
3 4452
4 4451
4 4452
4 4453
5 4453
5 4454
6 4454
6 4455
7 4455
7 4456
8 4456
8 4457
8 4458
9 4457
9 4458
9 4459
10 4458
10 4459
10 4460
11 4460
11 4461
12 4461
12 4462
13 4462
13 4463
14 4463
14 4464
15 4464
15 4465
16 4465
16 4466
17 4466
17 4467
18 4467
18 4468
19 4468
19 4469
20 4469
20 4470
21 4469
21 4470
22 4470
22 4471
23 4471
23 4472
24 4472
24 4473
25 4473
25 4474
26 4474
26 4475
27 4475
27 4476
28 4476
28 4477
29 4477
29 4478
30 4478
30 4479
31 4479
31 4480
32 4480
32 4481
33 4481
34 4482
35 4483
36 4483
36 4484
37 4484
37 4485
38 4485
38 4486
39 4486
39 4487
40 4487
40 4488
41 4488
41 4489
42 4489
42 4490
43 4490
43 4491
44 4491
44 4492
45 4492
45 4493
46 4493
47 4494
48 4495
49 4495
49 4496
50 4496
50 4497
51 4497
51 4498
52 4498
52 4499
53 4499
53 4500
54 4500
55 4501
56 4502
57 4502
57 4503
58 4503
58 4504
59 4504
59 4505
60 4505
60 4506
61 4506
62 4506
62 4507
63 4507
63 4508
64 4508
64 4509
65 4509
65 4510
66 4510
67 4510
67 4511
68 4511
68 4512
69 4512
69 4513
70 4513
71 4513
71 4514
72 4514
72 4515
73 4515
74 4516
75 4516
75 4517
76 4517
77 4518
78 4518
78 4519
79 4519
80 4519
80 4520
81 4520
82 4521
83 4521
83 4522
84 4522
85 4522
85 4523
86 4523
87 4523
87 4524
88 4524
89 4524
89 4525
90 4525
91 4525
92 4526
93 4526
94 4526
94 4527
95 4527
96 4527
96 4528
97 4527
97 4528
98 4528
99 4528
99 4529
100 4529
101 4529
101 4530
102 4529
102 4530
103 4530
104 4530
140 1585
141 1586
142 1587
143 1588
144 1589
145 1590
146 1591
147 1591
147 1592
148 1592
148 1593
149 1593
149 1594
150 1594
150 1595
151 1595
151 1596
152 1596
153 1597
154 1598
155 1599
156 1600
157 1601
158 1602
159 1603
160 1604
161 1605
162 1606
163 1607
164 1608
165 1609
166 1610
167 1611
168 1612
169 1613
170 1613
170 1614
171 1614
172 1615
173 1616
174 1617
175 1618
176 1619
177 1620
178 1621
180 1622
181 1623
182 1624
194 1632
195 1632
196 1633
197 1633
197 1634
198 1634
199 1635
390 2443
390 2444
390 3392
390 3393
390 3394
391 2444
391 2445
391 3393
391 3394
391 3395
392 2445
392 2446
392 3394
392 3395
392 3396
392 3397
393 2446
393 2447
393 3395
393 3396
393 3397
393 3398
394 2447
394 2448
394 3396
394 3397
394 3398
394 3399
395 2448
395 2449
395 3398
395 3399
395 3400
396 2449
396 2450
396 3399
396 3400
396 3401
396 3402
397 2449
397 2450
397 2451
397 3400
397 3401
397 3402
397 3403
398 2450
398 2451
398 2452
398 3402
398 3403
398 3404
399 2451
399 2452
399 2453
399 3403
399 3404
399 3405
400 2452
400 2453
400 2454
400 3404
400 3405
400 3406
401 2453
401 2454
401 2455
401 3405
401 3406
401 3407
401 3408
402 2454
402 2455
402 3406
402 3407
402 3408
402 3409
403 2455
403 2456
403 3407
403 3408
403 3409
403 3410
404 2455
404 2456
404 2457
404 3408
404 3409
404 3410
404 3411
405 2456
405 2457
405 2458
405 3409
405 3410
405 3411
405 3412
406 2457
406 2458
406 3410
406 3411
406 3412
406 3413
407 2457
407 2458
407 2459
407 3411
407 3412
407 3413
408 2458
408 2459
408 2460
408 3412
408 3413
408 3414
409 2459
409 2460
409 3413
409 3414
409 3415
410 2459
410 2460
410 2461
410 3414
410 3415
410 3416
411 2460
411 2461
411 3415
411 3416
411 3417
412 2461
412 2462
412 3416
412 3417
412 3418
413 2461
413 2462
413 3417
413 3418
413 3419
414 2462
414 2463
414 3417
414 3418
414 3419
414 3420
415 2463
415 3418
415 3419
415 3420
415 3421
416 3419
416 3420
416 3421
416 3422
417 3420
417 3421
417 3422
417 3423
418 3421
418 3422
418 3423
418 3424
419 3422
419 3423
419 3424
419 3425
420 3423
420 3424
420 3425
420 3426
421 3424
421 3425
421 3426
421 3427
422 3424
422 3425
422 3426
422 3427
422 3428
423 3425
423 3426
423 3427
423 3428
423 3429
424 3426
424 3427
424 3428
424 3429
425 3427
425 3428
425 3429
425 3430
426 3428
426 3429
426 3430
426 3431
427 3429
427 3430
427 3431
427 3432
428 3430
428 3431
428 3432
428 3433
429 3431
429 3432
429 3433
429 3434
430 3432
430 3433
430 3434
430 3435
431 3433
431 3434
431 3435
432 3434
432 3435
432 3436
433 3435
433 3436
433 3437
434 3436
434 3437
434 3438
435 3437
435 3438
435 3439
436 3438
436 3439
436 3440
437 3439
437 3440
437 3441
438 3440
438 3441
438 3442
439 3441
439 3442
439 3443
440 3442
440 3443
440 3444
441 3443
441 3444
441 3445
442 3444
442 3445
442 3446
443 3445
443 3446
443 3447
444 3446
444 3447
444 3448
445 3447
445 3448
445 3449
446 3448
446 3449
446 3450
447 3449
447 3450
447 3451
448 3450
448 3451
449 3451
449 3452
450 3452
450 3453
451 3453
451 3454
452 3454
452 3455
453 3455
453 3456
454 3456
454 3457
455 3457
455 3458
456 3458
456 3459
457 3459
457 3460
458 3460
459 3461
460 3462
461 3463
462 3464
463 3465
464 3466
465 3467
466 3468
469 3470
470 3471
471 3472
472 3473
473 3474
474 3474
475 3475
476 3476
477 3477
478 3478
479 3478
480 3479
481 3480
482 3481
483 3481
483 3482
484 3482
485 3483
486 3484
487 3484
487 3485
488 3485
488 3486
489 3486
490 3487
491 3487
491 3488
492 3488
492 3489
493 3489
493 3490
494 3490
495 3491
496 3491
496 3492
497 3492
497 3493
498 3493
499 3494
500 3494
500 3495
501 3495
501 3496
502 3496
502 3497
503 3497
504 3497
504 3498
505 3498
505 3499
506 3499
506 3500
507 3500
508 3500
508 3501
509 3501
509 3502
510 3502
510 3503
511 3503
512 3503
512 3504
513 3504
513 3505
514 3505
514 3506
515 3505
515 3506
515 3507
516 3506
516 3507
517 3507
517 3508
518 3507
518 3508
518 3509
519 3508
519 3509
519 3510
520 3509
520 3510
520 3511
521 3509
521 3510
521 3511
522 3510
522 3511
522 3512
523 3511
523 3512
523 3513
524 3511
524 3512
524 3513
524 3514
525 3512
525 3513
525 3514
525 3515
526 3513
526 3514
526 3515
527 3513
527 3514
527 3515
527 3516
528 3514
528 3515
528 3516
528 3517
529 3515
529 3516
529 3517
529 3518
530 3515
530 3516
530 3517
530 3518
530 3519
531 3516
531 3517
531 3518
531 3519
531 3520
532 3516
532 3517
532 3518
532 3519
532 3520
532 3521
533 3517
533 3518
533 3519
533 3520
533 3521
534 3517
534 3518
534 3519
534 3520
534 3521
534 3522
535 3517
535 3518
535 3519
535 3520
535 3521
535 3522
536 3518
536 3519
536 3520
536 3521
536 3522
536 3523
537 3518
537 3519
537 3520
537 3521
537 3522
537 3523
538 3518
538 3519
538 3520
538 3521
538 3522
538 3523
538 3524
539 3518
539 3519
539 3520
539 3521
539 3522
539 3523
539 3524
540 3519
540 3520
540 3521
540 3522
540 3523
540 3524
541 3519
541 3520
541 3521
541 3522
541 3523
541 3524
542 3519
542 3520
542 3521
542 3522
542 3523
542 3524
542 3525
543 3519
543 3520
543 3521
543 3522
543 3523
543 3524
543 3525
544 3519
544 3520
544 3521
544 3522
544 3523
544 3524
544 3525
545 3519
545 3520
545 3521
545 3522
545 3523
545 3524
545 3525
546 3519
546 3520
546 3521
546 3522
546 3523
546 3524
546 3525
547 3519
547 3520
547 3521
547 3522
547 3523
547 3524
547 3525
548 3519
548 3520
548 3521
548 3522
548 3523
548 3524
548 3525
549 3519
549 3520
549 3521
549 3522
549 3523
549 3524
549 3525
550 3519
550 3520
550 3521
550 3522
550 3523
550 3524
550 3525
551 3519
551 3520
551 3521
551 3522
551 3523
551 3524
551 3525
552 3519
552 3520
552 3521
552 3522
552 3523
552 3524
552 3525
553 3519
553 3520
553 3521
553 3522
553 3523
553 3524
553 3525
554 3519
554 3520
554 3521
554 3522
554 3523
554 3524
554 3525
555 3519
555 3520
555 3521
555 3522
555 3523
555 3524
555 3525
556 3519
556 3520
556 3521
556 3522
556 3523
556 3524
556 3525
557 3519
557 3520
557 3521
557 3522
557 3523
557 3524
557 3525
558 3519
558 3520
558 3521
558 3522
558 3523
558 3524
558 3525
559 3519
559 3520
559 3521
559 3522
559 3523
559 3524
559 3525
560 3519
560 3520
560 3521
560 3522
560 3523
560 3524
560 3525
560 3526
561 3520
561 3521
561 3522
561 3523
561 3524
561 3525
561 3526
562 3520
562 3521
562 3522
562 3523
562 3524
562 3525
562 3526
563 3520
563 3521
563 3522
563 3523
563 3524
563 3525
563 3526
563 3527
564 3521
564 3522
564 3523
564 3524
564 3525
564 3526
564 3527
565 3521
565 3522
565 3523
565 3524
565 3525
565 3526
565 3527
565 3528
566 3522
566 3523
566 3524
566 3525
566 3526
566 3527
566 3528
566 3529
567 3523
567 3524
567 3525
567 3526
567 3527
567 3528
567 3529
567 3530
568 3524
568 3525
568 3526
568 3527
568 3528
568 3529
568 3530
568 3531
569 3525
569 3526
569 3527
569 3528
569 3529
569 3530
569 3531
569 3532
570 3526
570 3527
570 3528
570 3529
570 3530
570 3531
570 3532
570 3533
571 3527
571 3528
571 3529
571 3530
571 3531
571 3532
571 3533
571 3534
572 3528
572 3529
572 3530
572 3531
572 3532
572 3533
572 3534
572 3535
573 3529
573 3530
573 3531
573 3532
573 3533
573 3534
573 3535
573 3536
574 3530
574 3531
574 3532
574 3533
574 3534
574 3535
574 3536
574 3537
575 3531
575 3532
575 3533
575 3534
575 3535
575 3536
575 3537
575 3538
576 3533
576 3534
576 3535
576 3536
576 3537
576 3538
577 3534
577 3535
577 3536
577 3537
577 3538
577 3539
578 3535
578 3536
578 3537
578 3538
578 3539
578 3540
579 3537
579 3538
579 3539
579 3540
579 3541
580 3538
580 3539
580 3540
580 3541
580 3542
581 3539
581 3540
581 3541
581 3542
581 3543
582 3540
582 3541
582 3542
582 3543
582 3544
583 3541
583 3542
583 3543
583 3544
583 3545
584 3542
584 3543
584 3544
584 3545
585 3543
585 3544
585 3545
585 3546
586 3544
586 3545
586 3546
586 3547
587 3545
587 3546
587 3547
587 3548
588 3546
588 3547
588 3548
588 3549
589 3547
589 3548
589 3549
589 3550
590 3548
590 3549
590 3550
590 3551
591 3549
591 3550
591 3551
591 3552
592 3550
592 3551
592 3552
593 3551
593 3552
593 3553
594 3552
594 3553
594 3554
595 3553
595 3554
595 3555
596 3554
596 3555
596 3556
597 3555
597 3556
597 3557
598 3556
598 3557
598 3558
599 3557
599 3558
599 3559
600 3558
600 3559
601 3559
601 3560
602 3560
602 3561
603 3561
603 3562
604 3562
604 3563
605 3563
605 3564
606 3564
606 3565
607 3565
607 3566
608 3566
608 3567
609 3566
609 3567
610 3567
610 3568
611 3568
611 3569
612 3569
612 3570
613 3570
613 3571
614 3571
614 3572
615 3572
615 3573
616 3573
617 3574
618 3575
619 3575
619 3576
620 3576
620 3577
621 3577
621 3578
622 3578
622 3579
623 3579
624 3580
625 3581
626 3581
626 3582
627 3582
627 3583
628 3583
628 3584
629 3584
630 3585
631 3586
632 3587
633 3588
634 3588
634 3589
635 3589
635 3590
636 3590
637 3591
638 3592
639 3593
640 3594
641 3594
641 3595
642 3595
642 3596
643 3596
644 3597
645 3598
646 3599
647 3599
647 3600
648 3600
648 3601
649 3601
650 3602
651 3603
652 3604
653 3604
653 3605
654 3605
655 3606
656 3607
657 3608
658 3608
658 3609
659 3609
659 3610
660 3610
661 3611
662 3612
663 3612
663 3613
664 3613
664 3614
665 3614
666 3615
667 3616
668 3616
668 3617
669 3617
669 3618
670 3618
670 3619
671 3619
672 3620
673 3621
674 3622
675 3622
675 3623
676 3623
676 3624
677 3624
678 3625
679 3626
680 3627
681 3628
682 3628
682 3629
683 3629
683 3630
684 3630
685 3631
686 3632
687 3633
688 3634
689 3634
689 3635
690 3635
691 3636
692 3637
693 3638
694 3639
695 3640
696 3640
696 3641
697 3641
697 3642
698 3642
699 3643
700 3644
701 3645
702 3646
703 3646
703 3647
704 3647
704 3648
705 3648
705 3649
706 3649
707 3650
708 3651
709 3652
710 3652
710 3653
711 3653
711 3654
712 3654
713 3655
714 3656
715 3656
715 3657
716 3657
716 3658
717 3658
718 3659
719 3659
719 3660
720 3660
720 3661
721 3661
722 3662
723 3662
723 3663
724 3663
725 3664
790 3727
791 3728
796 3732
797 3733
893 3808
894 3809
898 3812
899 3813
900 3814
904 3817
905 3818
906 3819
910 3822
911 3823
912 3824
916 3827
917 3828
918 3829
920 3830
921 3831
922 3832
923 3833
924 3833
925 3834
926 3835
927 3835
927 3836
928 3836
929 3837
930 3837
931 3838
932 3838
932 3839
933 3839
934 3840
935 3840
936 3841
937 3841
938 3842
939 3842
940 3843
941 3843
942 3844
943 3844
2349 3288
2349 3289
2350 3289
2350 3290
2351 3290
2351 3291
2351 3292
2352 3291
2352 3292
2352 3293
2353 3292
2353 3293
2353 3294
2353 3295
2354 3294
2354 3295
2354 3296
2355 3295
2355 3296
2355 3297
2356 3296
2356 3297
2356 3298
2356 3299
2357 3298
2357 3299
2357 3300
2358 3299
2358 3300
2358 3301
2359 3300
2359 3301
2359 3302
2360 3302
2360 3303
2361 3303
2361 3304
2361 3305
2362 3304
2362 3305
2362 3306
2363 3305
2363 3306
2363 3307
2364 3307
2364 3308
2365 3308
2365 3309
2366 3309
2366 3310
2367 3310
2367 3311
2368 3311
2368 3312
2369 3312
2369 3313
2370 3313
2370 3314
2371 3314
2371 3315
2372 3316
2373 3317
2374 3318
2374 3319
2375 3319
2375 3320
2376 3320
2376 3321
2377 3321
2378 3322
2379 3323
2380 3324
2381 3325
2382 3326
2383 3327
2384 3328
2385 3329
2386 3330
2387 3331
2388 3332
2389 3333
2390 3334
2391 3335
2392 3336
2393 3337
2394 3338
2395 3339
2396 3340
2397 3341
2398 3342
2399 3343
2400 3344
2401 3345
2402 3346
2403 3347
2404 3348
2405 3349
2406 3350
2407 3351
2408 3352
2409 3353
2410 3354
2411 3355
2412 3356
2413 3357
2414 3358
2415 3359
2416 3360
2416 3361
2417 3361
2417 3362
2418 3362
2418 3363
2419 3363
2419 3364
2419 3365
2420 3364
2420 3365
2420 3366
2421 3365
2421 3366
2421 3367
2422 3366
2422 3367
2422 3368
2423 3367
2423 3368
2423 3369
2423 3370
2424 3368
2424 3369
2424 3370
2424 3371
2425 3369
2425 3370
2425 3371
2425 3372
2426 3371
2426 3372
2426 3373
2426 3374
2427 3372
2427 3373
2427 3374
2427 3375
2428 3373
2428 3374
2428 3375
2428 3376
2429 3374
2429 3375
2429 3376
2429 3377
2430 3375
2430 3376
2430 3377
2430 3378
2431 3377
2431 3378
2431 3379
2431 3380
2432 3378
2432 3379
2432 3380
2432 3381
2433 3379
2433 3380
2433 3381
2433 3382
2434 3380
2434 3381
2434 3382
2434 3383
2435 3381
2435 3382
2435 3383
2435 3384
2436 3382
2436 3383
2436 3384
2436 3385
2437 3384
2437 3385
2437 3386
2437 3387
2438 3385
2438 3386
2438 3387
2438 3388
2439 3386
2439 3387
2439 3388
2439 3389
2440 3387
2440 3388
2440 3389
2440 3390
2441 3388
2441 3389
2441 3390
2441 3391
2442 3390
2442 3391
2442 3392
2443 3391
2443 3392
2443 3393
2444 3392
2444 3393
2444 3394
2444 3395
2445 3393
2445 3394
2445 3395
2445 3396
2446 3394
2446 3395
2446 3396
2446 3397
2447 3396
2447 3397
2447 3398
2447 3399
2448 3397
2448 3398
2448 3399
2448 3400
2449 3398
2449 3399
2449 3400
2449 3401
2450 3400
2450 3401
2450 3402
2450 3403
2451 3401
2451 3402
2451 3403
2451 3404
2452 3403
2452 3404
2452 3405
2453 3404
2453 3405
2453 3406
2453 3407
2454 3405
2454 3406
2454 3407
2454 3408
2455 3407
2455 3408
2455 3409
2456 3408
2456 3409
2456 3410
2456 3411
2457 3409
2457 3410
2457 3411
2457 3412
2458 3411
2458 3412
2458 3413
2459 3412
2459 3413
2459 3414
2459 3415
2460 3414
2460 3415
2460 3416
2461 3415
2461 3416
2461 3417
2462 3417
2462 3418
2463 3419